[[0.0, 0.5970340822403174, 0.43900945920473805, 0.496175644410063, 0.5113216743495256, 0.5687028576333955, 0.5782408499860505, 0.6333275723830107, 0.4669718723215837, 0.4782653838683861, 0.5617578411775037, 0.4823063141318873, 0.5444379802415161, 0.517124729029627, 0.58584612267877], [0.5970340822403174, 0.0, 0.3874960317229413, 0.47728472079651263, 0.457576119953982, 0.46305286236534904, 0.474506004000259, 0.5300113285605769, 0.5121343278187322, 0.496137273667805, 0.5111148231817952, 0.45803983577157353, 0.5087250127538501, 0.36036520402064093, 0.5642007619025187], [0.43900945920473805, 0.3874960317229413, 0.0, 0.741073397211545, 0.7478801465441627, 0.6550134754506987, 0.6810290990587098, 0.5691891531008693, 0.281101183968796, 0.5320784011246341, 0.5685381502736052, 0.36366612577413987, 0.6489474693317232, 0.6609900278296749, 0.49100658328302565], [0.496175644410063, 0.47728472079651263, 0.741073397211545, 0.0, 0.7953632293210079, 0.7032004998531782, 0.0, 0.0, 0.4413558204212725, 0.0, 0.7208283525972589, 0.4169467839576772, 0.0, 0.7011734685586692, 0.5606945646446687], [0.5113216743495256, 0.457576119953982, 0.7478801465441627, 0.7953632293210079, 0.0, 0.6969924036712692, 0.0, 0.0, 0.4305430614274965, 0.0, 0.7127607950093497, 0.4029989305336438, 0.0, 0.7095488647013292, 0.5778485609560761], [0.5687028576333955, 0.46305286236534904, 0.6550134754506987, 0.7032004998531782, 0.6969924036712692, 0.0, 0.719686650401335, 0.6738217972569845, 0.4756217792942495, 0.5901386024534028, 0.5995090668486094, 0.43704176273304035, 0.5718934432367377, 0.5929196713490847, 0.5530336885803129], [0.5782408499860505, 0.474506004000259, 0.6810290990587098, 0.0, 0.0, 0.719686650401335, 0.0, 0.6881371913051254, 0.32682613217827644, 0.4961008627588534, 0.0, 0.4242765934215873, 0.7509908203563324, 0.5727295746657016, 0.5164706234167089], [0.6333275723830107, 0.5300113285605769, 0.5691891531008693, 0.0, 0.0, 0.6738217972569845, 0.6881371913051254, 0.0, 0.41925912154989253, 0.6439119175298903, 0.0, 0.4847488880559197, 0.7580518988241663, 0.5432059106685815, 0.626364840058208], [0.4669718723215837, 0.5121343278187322, 0.281101183968796, 0.4413558204212725, 0.4305430614274965, 0.4756217792942495, 0.32682613217827644, 0.41925912154989253, 0.0, 0.5908627111319537, 0.48438906496742323, 0.0, 0.5515516644201887, 0.21494102352675165, 0.5010112864915777], [0.4782653838683861, 0.496137273667805, 0.5320784011246341, 0.0, 0.0, 0.5901386024534028, 0.4961008627588534, 0.6439119175298903, 0.5908627111319537, 0.0, 0.0, 0.5152964580148509, 0.5965135973675413, 0.6696923893521485, 0.5705273709878208], [0.5617578411775037, 0.5111148231817952, 0.5685381502736052, 0.7208283525972589, 0.7127607950093497, 0.5995090668486094, 0.0, 0.0, 0.48438906496742323, 0.0, 0.0, 0.43135728827473246, 0.0, 0.5875459950078439, 0.5743810207867738], [0.4823063141318873, 0.45803983577157353, 0.36366612577413987, 0.4169467839576772, 0.4029989305336438, 0.43704176273304035, 0.4242765934215873, 0.4847488880559197, 0.0, 0.5152964580148509, 0.43135728827473246, 0.0, 0.6010846969161118, 0.43269676347887037, 0.5570611658400965], [0.5444379802415161, 0.5087250127538501, 0.6489474693317232, 0.0, 0.0, 0.5718934432367377, 0.7509908203563324, 0.7580518988241663, 0.5515516644201887, 0.5965135973675413, 0.0, 0.6010846969161118, 0.0, 0.5088530549505472, 0.6770152125152761], [0.517124729029627, 0.36036520402064093, 0.6609900278296749, 0.7011734685586692, 0.7095488647013292, 0.5929196713490847, 0.5727295746657016, 0.5432059106685815, 0.21494102352675165, 0.6696923893521485, 0.5875459950078439, 0.43269676347887037, 0.5088530549505472, 0.0, 0.5823813541057986], [0.58584612267877, 0.5642007619025187, 0.49100658328302565, 0.5606945646446687, 0.5778485609560761, 0.5530336885803129, 0.5164706234167089, 0.626364840058208, 0.5010112864915777, 0.5705273709878208, 0.5743810207867738, 0.5570611658400965, 0.6770152125152761, 0.5823813541057986, 0.0]]